eV  eps1    eps2    n   k
1.5	13.435	0.589	3.666	0.08
1.6	13.683	0.677	3.7	0.091
1.7	13.991	0.838	3.742	0.112
1.8	14.307	1.141	3.785	0.151
1.9	14.607	1.369	3.826	0.179
2	14.991	1.637	3.878	0.211
2.1	15.463	1.893	3.94	0.24
2.2	16.031	2.212	4.013	0.276
2.3	16.709	2.622	4.1	0.32
2.4	17.547	3.123	4.205	0.371
2.5	18.579	3.821	4.333	0.441
2.6	19.885	4.841	4.492	0.539
2.7	21.55	6.536	4.694	0.696
2.8	23.605	9.83	4.959	0.991
2.9	22.558	17.383	5.052	1.721
3	16.536	17.571	4.509	1.948
3.1	14.519	18.765	4.373	2.146
3.2	10.271	18.022	3.938	2.288
3.3	9.086	16.037	3.709	2.162
3.4	8.626	14.929	3.596	2.076
3.5	8.413	14.216	3.531	2.013
3.6	8.355	13.739	3.495	1.965
3.7	8.419	13.459	3.485	1.931
3.8	8.611	13.365	3.501	1.909
3.9	8.89	13.47	3.538	1.904
4	9.279	13.832	3.601	1.92
4.1	9.754	14.538	3.692	1.969
4.2	10.235	15.767	3.81	2.069
4.3	10.412	17.803	3.939	2.26
4.4	9.545	20.582	4.015	2.563
4.5	6.797	22.845	3.913	2.919
4.6	4.163	23.891	3.769	3.169
4.7	1.03	24.835	3.598	3.452
4.8	-3.045	25.196	3.342	3.77
4.9	-8.023	23.393	2.89	4.047
5	-11.515	18.563	2.273	4.084
5.1	-11.156	13.677	1.802	3.795
5.2	-9.578	11.143	1.599	3.484
5.3	-8.35	9.758	1.499	3.255
5.4	-7.435	8.806	1.43	3.079
5.5	-6.705	8.123	1.383	2.936
5.6	-6.107	7.593	1.349	2.815
5.7	-5.589	7.182	1.325	2.71
5.8	-5.171	6.882	1.311	2.625
5.9	-4.876	6.587	1.288	2.557
6	-4.511	6.25	1.264	2.472
